EST_File Track
DataType ascii
NumFrames 95
NumChannels 1
FrameShift 0.00000
VoicingEnabled true
EST_Header_End
0.000000 0 -1.000000
0.005000 0 -1.000000
0.010000 0 -1.000000
0.015000 0 -1.000000
0.020000 0 -1.000000
0.025000 0 -1.000000
0.030000 0 -1.000000
0.035000 0 -1.000000
0.040000 0 -1.000000
0.045000 0 -1.000000
0.050000 0 -1.000000
0.055000 0 -1.000000
0.060000 0 -1.000000
0.065000 0 -1.000000
0.070000 0 -1.000000
0.075000 0 -1.000000
0.080000 0 -1.000000
0.085000 0 -1.000000
0.090000 0 -1.000000
0.095000 0 -1.000000
0.100000 0 -1.000000
0.105000 0 -1.000000
0.110000 0 -1.000000
0.115000 0 -1.000000
0.120000 0 -1.000000
0.125000 0 -1.000000
0.130000 0 -1.000000
0.135000 0 -1.000000
0.140000 0 -1.000000
0.145000 0 -1.000000
0.150000 0 -1.000000
0.155000 1 265.662659
0.160000 1 262.500000
0.165000 1 260.946747
0.170000 1 256.395355
0.175000 1 252.000000
0.180000 1 250.568176
0.185000 1 247.752808
0.190000 1 245.000000
0.195000 1 242.307693
0.200000 1 240.983612
0.205000 1 238.378372
0.210000 1 237.096771
0.215000 1 235.828873
0.220000 1 232.105270
0.225000 1 227.319580
0.230000 1 225.000000
0.235000 1 219.402985
0.240000 1 234.574463
0.245000 1 122.500000
0.250000 1 81.818184
0.255000 1 81.818184
0.260000 1 81.818184
0.265000 1 61.250000
0.270000 1 61.250000
0.275000 1 61.250000
0.280000 1 60.995850
0.285000 1 60.995850
0.290000 1 60.995850
0.295000 0 -1.000000
0.300000 0 -1.000000
0.305000 0 -1.000000
0.310000 0 -1.000000
0.315000 0 -1.000000
0.320000 0 -1.000000
0.325000 1 229.687500
0.330000 1 252.000000
0.335000 1 253.448273
0.340000 1 242.307693
0.345000 1 252.000000
0.350000 1 245.000000
0.355000 1 252.000000
0.360000 1 250.568176
0.365000 1 252.000000
0.370000 1 254.913300
0.375000 1 256.395355
0.380000 1 257.894745
0.385000 1 259.411774
0.390000 1 262.500000
0.395000 1 260.946747
0.400000 1 262.500000
0.405000 1 264.071869
0.410000 1 264.071869
0.415000 1 265.662659
0.420000 1 267.272736
0.425000 1 267.272736
0.430000 1 268.902435
0.435000 1 264.071869
0.440000 1 264.071869
0.445000 1 262.500000
0.450000 1 256.395355
0.455000 1 256.395355
0.460000 1 254.913300
0.465000 1 249.152542
0.470000 1 249.152542
